00000000000000000000000000000
01111111111111111111111111111
01111111011111111111111111111
01111111111111111111111111111
01111111111121111111211111111
01111111111111111111111111111
01111011111111111111111111111
01111111111111111111111111111
01111111111111111111111111111
01111111111111111111111111111
01111111111111111111111111111
01111111011111111111111111111
01111111111111111111111111111
01111111111121111111211111111
01111111111111111111111111111
01111011111121111111111111111
01151111111111111111113111111
01111111111111111111111111111
#